{
 "cells": [
  {
   "cell_type": "markdown",
   "metadata": {},
   "source": [
    "# Document Classification using DNN"
   ]
  },
  {
   "cell_type": "code",
   "execution_count": 324,
   "metadata": {
    "collapsed": true
   },
   "outputs": [],
   "source": [
    "import tensorflow as tf\n",
    "import pandas as pd\n",
    "import tempfile"
   ]
  },
  {
   "cell_type": "code",
   "execution_count": 325,
   "metadata": {
    "collapsed": false
   },
   "outputs": [],
   "source": [
    "train_X = pd.read_csv('/home/praveen/tensorflow_Data/tensorflow/trainX.csv', low_memory=False, header = None, delimiter='\\t')"
   ]
  },
  {
   "cell_type": "code",
   "execution_count": 326,
   "metadata": {
    "collapsed": false
   },
   "outputs": [
    {
     "data": {
      "text/plain": [
       "6237"
      ]
     },
     "execution_count": 326,
     "metadata": {},
     "output_type": "execute_result"
    }
   ],
   "source": [
    "train_X.shape[1]"
   ]
  },
  {
   "cell_type": "code",
   "execution_count": 327,
   "metadata": {
    "collapsed": false
   },
   "outputs": [],
   "source": [
    "train_Y = pd.read_csv('/home/praveen/tensorflow_Data/tensorflow/trainY.csv', low_memory=False, header = None, delimiter='\\t')"
   ]
  },
  {
   "cell_type": "code",
   "execution_count": 328,
   "metadata": {
    "collapsed": false
   },
   "outputs": [],
   "source": [
    "#Converting binary to decimal(0,1,2,3)\n",
    "train_Y_b10 = pd.DataFrame(train_Y.idxmax(axis=1))"
   ]
  },
  {
   "cell_type": "code",
   "execution_count": 329,
   "metadata": {
    "collapsed": false
   },
   "outputs": [
    {
     "data": {
      "text/html": [
       "<div>\n",
       "<table border=\"1\" class=\"dataframe\">\n",
       "  <thead>\n",
       "    <tr style=\"text-align: right;\">\n",
       "      <th></th>\n",
       "      <th>0</th>\n",
       "    </tr>\n",
       "  </thead>\n",
       "  <tbody>\n",
       "    <tr>\n",
       "      <th>0</th>\n",
       "      <td>1</td>\n",
       "    </tr>\n",
       "    <tr>\n",
       "      <th>1</th>\n",
       "      <td>2</td>\n",
       "    </tr>\n",
       "    <tr>\n",
       "      <th>2</th>\n",
       "      <td>3</td>\n",
       "    </tr>\n",
       "    <tr>\n",
       "      <th>3</th>\n",
       "      <td>3</td>\n",
       "    </tr>\n",
       "    <tr>\n",
       "      <th>4</th>\n",
       "      <td>2</td>\n",
       "    </tr>\n",
       "    <tr>\n",
       "      <th>5</th>\n",
       "      <td>1</td>\n",
       "    </tr>\n",
       "    <tr>\n",
       "      <th>6</th>\n",
       "      <td>2</td>\n",
       "    </tr>\n",
       "    <tr>\n",
       "      <th>7</th>\n",
       "      <td>3</td>\n",
       "    </tr>\n",
       "    <tr>\n",
       "      <th>8</th>\n",
       "      <td>1</td>\n",
       "    </tr>\n",
       "    <tr>\n",
       "      <th>9</th>\n",
       "      <td>3</td>\n",
       "    </tr>\n",
       "    <tr>\n",
       "      <th>10</th>\n",
       "      <td>1</td>\n",
       "    </tr>\n",
       "    <tr>\n",
       "      <th>11</th>\n",
       "      <td>0</td>\n",
       "    </tr>\n",
       "    <tr>\n",
       "      <th>12</th>\n",
       "      <td>2</td>\n",
       "    </tr>\n",
       "    <tr>\n",
       "      <th>13</th>\n",
       "      <td>1</td>\n",
       "    </tr>\n",
       "    <tr>\n",
       "      <th>14</th>\n",
       "      <td>3</td>\n",
       "    </tr>\n",
       "    <tr>\n",
       "      <th>15</th>\n",
       "      <td>1</td>\n",
       "    </tr>\n",
       "    <tr>\n",
       "      <th>16</th>\n",
       "      <td>0</td>\n",
       "    </tr>\n",
       "    <tr>\n",
       "      <th>17</th>\n",
       "      <td>3</td>\n",
       "    </tr>\n",
       "    <tr>\n",
       "      <th>18</th>\n",
       "      <td>2</td>\n",
       "    </tr>\n",
       "    <tr>\n",
       "      <th>19</th>\n",
       "      <td>1</td>\n",
       "    </tr>\n",
       "    <tr>\n",
       "      <th>20</th>\n",
       "      <td>3</td>\n",
       "    </tr>\n",
       "    <tr>\n",
       "      <th>21</th>\n",
       "      <td>3</td>\n",
       "    </tr>\n",
       "    <tr>\n",
       "      <th>22</th>\n",
       "      <td>3</td>\n",
       "    </tr>\n",
       "    <tr>\n",
       "      <th>23</th>\n",
       "      <td>1</td>\n",
       "    </tr>\n",
       "    <tr>\n",
       "      <th>24</th>\n",
       "      <td>1</td>\n",
       "    </tr>\n",
       "    <tr>\n",
       "      <th>25</th>\n",
       "      <td>2</td>\n",
       "    </tr>\n",
       "    <tr>\n",
       "      <th>26</th>\n",
       "      <td>3</td>\n",
       "    </tr>\n",
       "    <tr>\n",
       "      <th>27</th>\n",
       "      <td>0</td>\n",
       "    </tr>\n",
       "    <tr>\n",
       "      <th>28</th>\n",
       "      <td>2</td>\n",
       "    </tr>\n",
       "    <tr>\n",
       "      <th>29</th>\n",
       "      <td>2</td>\n",
       "    </tr>\n",
       "    <tr>\n",
       "      <th>...</th>\n",
       "      <td>...</td>\n",
       "    </tr>\n",
       "    <tr>\n",
       "      <th>38</th>\n",
       "      <td>2</td>\n",
       "    </tr>\n",
       "    <tr>\n",
       "      <th>39</th>\n",
       "      <td>3</td>\n",
       "    </tr>\n",
       "    <tr>\n",
       "      <th>40</th>\n",
       "      <td>3</td>\n",
       "    </tr>\n",
       "    <tr>\n",
       "      <th>41</th>\n",
       "      <td>3</td>\n",
       "    </tr>\n",
       "    <tr>\n",
       "      <th>42</th>\n",
       "      <td>1</td>\n",
       "    </tr>\n",
       "    <tr>\n",
       "      <th>43</th>\n",
       "      <td>1</td>\n",
       "    </tr>\n",
       "    <tr>\n",
       "      <th>44</th>\n",
       "      <td>2</td>\n",
       "    </tr>\n",
       "    <tr>\n",
       "      <th>45</th>\n",
       "      <td>1</td>\n",
       "    </tr>\n",
       "    <tr>\n",
       "      <th>46</th>\n",
       "      <td>1</td>\n",
       "    </tr>\n",
       "    <tr>\n",
       "      <th>47</th>\n",
       "      <td>0</td>\n",
       "    </tr>\n",
       "    <tr>\n",
       "      <th>48</th>\n",
       "      <td>2</td>\n",
       "    </tr>\n",
       "    <tr>\n",
       "      <th>49</th>\n",
       "      <td>0</td>\n",
       "    </tr>\n",
       "    <tr>\n",
       "      <th>50</th>\n",
       "      <td>0</td>\n",
       "    </tr>\n",
       "    <tr>\n",
       "      <th>51</th>\n",
       "      <td>3</td>\n",
       "    </tr>\n",
       "    <tr>\n",
       "      <th>52</th>\n",
       "      <td>0</td>\n",
       "    </tr>\n",
       "    <tr>\n",
       "      <th>53</th>\n",
       "      <td>1</td>\n",
       "    </tr>\n",
       "    <tr>\n",
       "      <th>54</th>\n",
       "      <td>2</td>\n",
       "    </tr>\n",
       "    <tr>\n",
       "      <th>55</th>\n",
       "      <td>3</td>\n",
       "    </tr>\n",
       "    <tr>\n",
       "      <th>56</th>\n",
       "      <td>2</td>\n",
       "    </tr>\n",
       "    <tr>\n",
       "      <th>57</th>\n",
       "      <td>1</td>\n",
       "    </tr>\n",
       "    <tr>\n",
       "      <th>58</th>\n",
       "      <td>0</td>\n",
       "    </tr>\n",
       "    <tr>\n",
       "      <th>59</th>\n",
       "      <td>1</td>\n",
       "    </tr>\n",
       "    <tr>\n",
       "      <th>60</th>\n",
       "      <td>2</td>\n",
       "    </tr>\n",
       "    <tr>\n",
       "      <th>61</th>\n",
       "      <td>3</td>\n",
       "    </tr>\n",
       "    <tr>\n",
       "      <th>62</th>\n",
       "      <td>2</td>\n",
       "    </tr>\n",
       "    <tr>\n",
       "      <th>63</th>\n",
       "      <td>2</td>\n",
       "    </tr>\n",
       "    <tr>\n",
       "      <th>64</th>\n",
       "      <td>3</td>\n",
       "    </tr>\n",
       "    <tr>\n",
       "      <th>65</th>\n",
       "      <td>1</td>\n",
       "    </tr>\n",
       "    <tr>\n",
       "      <th>66</th>\n",
       "      <td>3</td>\n",
       "    </tr>\n",
       "    <tr>\n",
       "      <th>67</th>\n",
       "      <td>3</td>\n",
       "    </tr>\n",
       "  </tbody>\n",
       "</table>\n",
       "<p>68 rows × 1 columns</p>\n",
       "</div>"
      ],
      "text/plain": [
       "    0\n",
       "0   1\n",
       "1   2\n",
       "2   3\n",
       "3   3\n",
       "4   2\n",
       "5   1\n",
       "6   2\n",
       "7   3\n",
       "8   1\n",
       "9   3\n",
       "10  1\n",
       "11  0\n",
       "12  2\n",
       "13  1\n",
       "14  3\n",
       "15  1\n",
       "16  0\n",
       "17  3\n",
       "18  2\n",
       "19  1\n",
       "20  3\n",
       "21  3\n",
       "22  3\n",
       "23  1\n",
       "24  1\n",
       "25  2\n",
       "26  3\n",
       "27  0\n",
       "28  2\n",
       "29  2\n",
       ".. ..\n",
       "38  2\n",
       "39  3\n",
       "40  3\n",
       "41  3\n",
       "42  1\n",
       "43  1\n",
       "44  2\n",
       "45  1\n",
       "46  1\n",
       "47  0\n",
       "48  2\n",
       "49  0\n",
       "50  0\n",
       "51  3\n",
       "52  0\n",
       "53  1\n",
       "54  2\n",
       "55  3\n",
       "56  2\n",
       "57  1\n",
       "58  0\n",
       "59  1\n",
       "60  2\n",
       "61  3\n",
       "62  2\n",
       "63  2\n",
       "64  3\n",
       "65  1\n",
       "66  3\n",
       "67  3\n",
       "\n",
       "[68 rows x 1 columns]"
      ]
     },
     "execution_count": 329,
     "metadata": {},
     "output_type": "execute_result"
    }
   ],
   "source": [
    "train_Y_b10"
   ]
  },
  {
   "cell_type": "code",
   "execution_count": 330,
   "metadata": {
    "collapsed": true
   },
   "outputs": [],
   "source": [
    "feature_columns = [tf.contrib.layers.real_valued_column(\"\", dimension=train_X.shape[1])]"
   ]
  },
  {
   "cell_type": "code",
   "execution_count": 331,
   "metadata": {
    "collapsed": false
   },
   "outputs": [],
   "source": [
    "model_dir = tempfile.mkdtemp()\n",
    "model = tf.contrib.learn.DNNClassifier(feature_columns=feature_columns,\n",
    "                                            hidden_units=[10,20],\n",
    "                                            n_classes=4,\n",
    "                                            model_dir=model_dir)"
   ]
  },
  {
   "cell_type": "code",
   "execution_count": 332,
   "metadata": {
    "collapsed": false
   },
   "outputs": [
    {
     "data": {
      "text/plain": [
       "DNNClassifier()"
      ]
     },
     "execution_count": 332,
     "metadata": {},
     "output_type": "execute_result"
    }
   ],
   "source": [
    "#Fitting the model on the training data\n",
    "model.fit(train_X,train_Y_b10, steps=1000)"
   ]
  },
  {
   "cell_type": "code",
   "execution_count": 333,
   "metadata": {
    "collapsed": false
   },
   "outputs": [
    {
     "name": "stdout",
     "output_type": "stream",
     "text": [
      "Accuracy: 0.838235\n"
     ]
    }
   ],
   "source": [
    "results = model.evaluate(train_X,train_Y_b10, steps=1)\n",
    "print \"%s: %s\" % ('Accuracy', results['accuracy'])"
   ]
  },
  {
   "cell_type": "code",
   "execution_count": 334,
   "metadata": {
    "collapsed": false
   },
   "outputs": [
    {
     "data": {
      "text/html": [
       "<div>\n",
       "<table border=\"1\" class=\"dataframe\">\n",
       "  <thead>\n",
       "    <tr style=\"text-align: right;\">\n",
       "      <th></th>\n",
       "      <th>0</th>\n",
       "      <th>1</th>\n",
       "      <th>2</th>\n",
       "      <th>3</th>\n",
       "    </tr>\n",
       "  </thead>\n",
       "  <tbody>\n",
       "    <tr>\n",
       "      <th>0</th>\n",
       "      <td>0.002511</td>\n",
       "      <td>0.989856</td>\n",
       "      <td>0.007623</td>\n",
       "      <td>0.000010</td>\n",
       "    </tr>\n",
       "    <tr>\n",
       "      <th>1</th>\n",
       "      <td>0.272480</td>\n",
       "      <td>0.124992</td>\n",
       "      <td>0.497200</td>\n",
       "      <td>0.105328</td>\n",
       "    </tr>\n",
       "    <tr>\n",
       "      <th>2</th>\n",
       "      <td>0.007762</td>\n",
       "      <td>0.000001</td>\n",
       "      <td>0.005668</td>\n",
       "      <td>0.986569</td>\n",
       "    </tr>\n",
       "    <tr>\n",
       "      <th>3</th>\n",
       "      <td>0.087950</td>\n",
       "      <td>0.000469</td>\n",
       "      <td>0.092797</td>\n",
       "      <td>0.818783</td>\n",
       "    </tr>\n",
       "    <tr>\n",
       "      <th>4</th>\n",
       "      <td>0.262513</td>\n",
       "      <td>0.049679</td>\n",
       "      <td>0.481402</td>\n",
       "      <td>0.206406</td>\n",
       "    </tr>\n",
       "    <tr>\n",
       "      <th>5</th>\n",
       "      <td>0.021360</td>\n",
       "      <td>0.919174</td>\n",
       "      <td>0.059045</td>\n",
       "      <td>0.000422</td>\n",
       "    </tr>\n",
       "    <tr>\n",
       "      <th>6</th>\n",
       "      <td>0.283375</td>\n",
       "      <td>0.135093</td>\n",
       "      <td>0.485344</td>\n",
       "      <td>0.096188</td>\n",
       "    </tr>\n",
       "    <tr>\n",
       "      <th>7</th>\n",
       "      <td>0.260775</td>\n",
       "      <td>0.014952</td>\n",
       "      <td>0.342061</td>\n",
       "      <td>0.382211</td>\n",
       "    </tr>\n",
       "    <tr>\n",
       "      <th>8</th>\n",
       "      <td>0.007411</td>\n",
       "      <td>0.970599</td>\n",
       "      <td>0.021917</td>\n",
       "      <td>0.000072</td>\n",
       "    </tr>\n",
       "    <tr>\n",
       "      <th>9</th>\n",
       "      <td>0.164300</td>\n",
       "      <td>0.002862</td>\n",
       "      <td>0.200795</td>\n",
       "      <td>0.632044</td>\n",
       "    </tr>\n",
       "    <tr>\n",
       "      <th>10</th>\n",
       "      <td>0.016134</td>\n",
       "      <td>0.936344</td>\n",
       "      <td>0.047253</td>\n",
       "      <td>0.000269</td>\n",
       "    </tr>\n",
       "    <tr>\n",
       "      <th>11</th>\n",
       "      <td>0.358287</td>\n",
       "      <td>0.053568</td>\n",
       "      <td>0.411367</td>\n",
       "      <td>0.176778</td>\n",
       "    </tr>\n",
       "    <tr>\n",
       "      <th>12</th>\n",
       "      <td>0.274546</td>\n",
       "      <td>0.099855</td>\n",
       "      <td>0.502965</td>\n",
       "      <td>0.122634</td>\n",
       "    </tr>\n",
       "    <tr>\n",
       "      <th>13</th>\n",
       "      <td>0.047641</td>\n",
       "      <td>0.838299</td>\n",
       "      <td>0.112530</td>\n",
       "      <td>0.001529</td>\n",
       "    </tr>\n",
       "    <tr>\n",
       "      <th>14</th>\n",
       "      <td>0.071767</td>\n",
       "      <td>0.000251</td>\n",
       "      <td>0.070559</td>\n",
       "      <td>0.857423</td>\n",
       "    </tr>\n",
       "    <tr>\n",
       "      <th>15</th>\n",
       "      <td>0.052272</td>\n",
       "      <td>0.820883</td>\n",
       "      <td>0.124979</td>\n",
       "      <td>0.001866</td>\n",
       "    </tr>\n",
       "    <tr>\n",
       "      <th>16</th>\n",
       "      <td>0.313177</td>\n",
       "      <td>0.083411</td>\n",
       "      <td>0.462906</td>\n",
       "      <td>0.140505</td>\n",
       "    </tr>\n",
       "    <tr>\n",
       "      <th>17</th>\n",
       "      <td>0.018942</td>\n",
       "      <td>0.000013</td>\n",
       "      <td>0.017201</td>\n",
       "      <td>0.963844</td>\n",
       "    </tr>\n",
       "    <tr>\n",
       "      <th>18</th>\n",
       "      <td>0.268823</td>\n",
       "      <td>0.125769</td>\n",
       "      <td>0.502097</td>\n",
       "      <td>0.103311</td>\n",
       "    </tr>\n",
       "    <tr>\n",
       "      <th>19</th>\n",
       "      <td>0.017766</td>\n",
       "      <td>0.933573</td>\n",
       "      <td>0.048367</td>\n",
       "      <td>0.000293</td>\n",
       "    </tr>\n",
       "    <tr>\n",
       "      <th>20</th>\n",
       "      <td>0.018942</td>\n",
       "      <td>0.000013</td>\n",
       "      <td>0.017201</td>\n",
       "      <td>0.963844</td>\n",
       "    </tr>\n",
       "    <tr>\n",
       "      <th>21</th>\n",
       "      <td>0.039338</td>\n",
       "      <td>0.000065</td>\n",
       "      <td>0.036718</td>\n",
       "      <td>0.923879</td>\n",
       "    </tr>\n",
       "    <tr>\n",
       "      <th>22</th>\n",
       "      <td>0.037370</td>\n",
       "      <td>0.000060</td>\n",
       "      <td>0.036424</td>\n",
       "      <td>0.926146</td>\n",
       "    </tr>\n",
       "    <tr>\n",
       "      <th>23</th>\n",
       "      <td>0.014771</td>\n",
       "      <td>0.943657</td>\n",
       "      <td>0.041347</td>\n",
       "      <td>0.000225</td>\n",
       "    </tr>\n",
       "    <tr>\n",
       "      <th>24</th>\n",
       "      <td>0.052349</td>\n",
       "      <td>0.820640</td>\n",
       "      <td>0.125140</td>\n",
       "      <td>0.001872</td>\n",
       "    </tr>\n",
       "    <tr>\n",
       "      <th>25</th>\n",
       "      <td>0.256101</td>\n",
       "      <td>0.098271</td>\n",
       "      <td>0.521286</td>\n",
       "      <td>0.124341</td>\n",
       "    </tr>\n",
       "    <tr>\n",
       "      <th>26</th>\n",
       "      <td>0.033096</td>\n",
       "      <td>0.000048</td>\n",
       "      <td>0.033328</td>\n",
       "      <td>0.933529</td>\n",
       "    </tr>\n",
       "    <tr>\n",
       "      <th>27</th>\n",
       "      <td>0.334720</td>\n",
       "      <td>0.072664</td>\n",
       "      <td>0.444542</td>\n",
       "      <td>0.148074</td>\n",
       "    </tr>\n",
       "    <tr>\n",
       "      <th>28</th>\n",
       "      <td>0.294409</td>\n",
       "      <td>0.107857</td>\n",
       "      <td>0.483050</td>\n",
       "      <td>0.114684</td>\n",
       "    </tr>\n",
       "    <tr>\n",
       "      <th>29</th>\n",
       "      <td>0.298261</td>\n",
       "      <td>0.104486</td>\n",
       "      <td>0.479701</td>\n",
       "      <td>0.117552</td>\n",
       "    </tr>\n",
       "    <tr>\n",
       "      <th>...</th>\n",
       "      <td>...</td>\n",
       "      <td>...</td>\n",
       "      <td>...</td>\n",
       "      <td>...</td>\n",
       "    </tr>\n",
       "    <tr>\n",
       "      <th>38</th>\n",
       "      <td>0.298471</td>\n",
       "      <td>0.123827</td>\n",
       "      <td>0.475237</td>\n",
       "      <td>0.102465</td>\n",
       "    </tr>\n",
       "    <tr>\n",
       "      <th>39</th>\n",
       "      <td>0.251517</td>\n",
       "      <td>0.010911</td>\n",
       "      <td>0.306159</td>\n",
       "      <td>0.431413</td>\n",
       "    </tr>\n",
       "    <tr>\n",
       "      <th>40</th>\n",
       "      <td>0.179951</td>\n",
       "      <td>0.003162</td>\n",
       "      <td>0.202369</td>\n",
       "      <td>0.614518</td>\n",
       "    </tr>\n",
       "    <tr>\n",
       "      <th>41</th>\n",
       "      <td>0.053995</td>\n",
       "      <td>0.000134</td>\n",
       "      <td>0.052378</td>\n",
       "      <td>0.893493</td>\n",
       "    </tr>\n",
       "    <tr>\n",
       "      <th>42</th>\n",
       "      <td>0.066877</td>\n",
       "      <td>0.766894</td>\n",
       "      <td>0.163134</td>\n",
       "      <td>0.003095</td>\n",
       "    </tr>\n",
       "    <tr>\n",
       "      <th>43</th>\n",
       "      <td>0.019043</td>\n",
       "      <td>0.929187</td>\n",
       "      <td>0.051438</td>\n",
       "      <td>0.000333</td>\n",
       "    </tr>\n",
       "    <tr>\n",
       "      <th>44</th>\n",
       "      <td>0.291064</td>\n",
       "      <td>0.123771</td>\n",
       "      <td>0.481922</td>\n",
       "      <td>0.103243</td>\n",
       "    </tr>\n",
       "    <tr>\n",
       "      <th>45</th>\n",
       "      <td>0.027064</td>\n",
       "      <td>0.900509</td>\n",
       "      <td>0.071789</td>\n",
       "      <td>0.000637</td>\n",
       "    </tr>\n",
       "    <tr>\n",
       "      <th>46</th>\n",
       "      <td>0.077157</td>\n",
       "      <td>0.747437</td>\n",
       "      <td>0.171789</td>\n",
       "      <td>0.003618</td>\n",
       "    </tr>\n",
       "    <tr>\n",
       "      <th>47</th>\n",
       "      <td>0.371191</td>\n",
       "      <td>0.067929</td>\n",
       "      <td>0.412667</td>\n",
       "      <td>0.148213</td>\n",
       "    </tr>\n",
       "    <tr>\n",
       "      <th>48</th>\n",
       "      <td>0.280474</td>\n",
       "      <td>0.043922</td>\n",
       "      <td>0.458206</td>\n",
       "      <td>0.217399</td>\n",
       "    </tr>\n",
       "    <tr>\n",
       "      <th>49</th>\n",
       "      <td>0.330499</td>\n",
       "      <td>0.047893</td>\n",
       "      <td>0.421218</td>\n",
       "      <td>0.200389</td>\n",
       "    </tr>\n",
       "    <tr>\n",
       "      <th>50</th>\n",
       "      <td>0.346032</td>\n",
       "      <td>0.058270</td>\n",
       "      <td>0.423743</td>\n",
       "      <td>0.171956</td>\n",
       "    </tr>\n",
       "    <tr>\n",
       "      <th>51</th>\n",
       "      <td>0.062775</td>\n",
       "      <td>0.000220</td>\n",
       "      <td>0.067319</td>\n",
       "      <td>0.869686</td>\n",
       "    </tr>\n",
       "    <tr>\n",
       "      <th>52</th>\n",
       "      <td>0.361502</td>\n",
       "      <td>0.057639</td>\n",
       "      <td>0.412639</td>\n",
       "      <td>0.168220</td>\n",
       "    </tr>\n",
       "    <tr>\n",
       "      <th>53</th>\n",
       "      <td>0.009959</td>\n",
       "      <td>0.961325</td>\n",
       "      <td>0.028602</td>\n",
       "      <td>0.000114</td>\n",
       "    </tr>\n",
       "    <tr>\n",
       "      <th>54</th>\n",
       "      <td>0.293296</td>\n",
       "      <td>0.044139</td>\n",
       "      <td>0.444360</td>\n",
       "      <td>0.218205</td>\n",
       "    </tr>\n",
       "    <tr>\n",
       "      <th>55</th>\n",
       "      <td>0.119706</td>\n",
       "      <td>0.001146</td>\n",
       "      <td>0.137862</td>\n",
       "      <td>0.741287</td>\n",
       "    </tr>\n",
       "    <tr>\n",
       "      <th>56</th>\n",
       "      <td>0.253435</td>\n",
       "      <td>0.060491</td>\n",
       "      <td>0.503684</td>\n",
       "      <td>0.182390</td>\n",
       "    </tr>\n",
       "    <tr>\n",
       "      <th>57</th>\n",
       "      <td>0.100553</td>\n",
       "      <td>0.670936</td>\n",
       "      <td>0.222261</td>\n",
       "      <td>0.006250</td>\n",
       "    </tr>\n",
       "    <tr>\n",
       "      <th>58</th>\n",
       "      <td>0.333746</td>\n",
       "      <td>0.036384</td>\n",
       "      <td>0.396622</td>\n",
       "      <td>0.233248</td>\n",
       "    </tr>\n",
       "    <tr>\n",
       "      <th>59</th>\n",
       "      <td>0.016278</td>\n",
       "      <td>0.938042</td>\n",
       "      <td>0.045419</td>\n",
       "      <td>0.000262</td>\n",
       "    </tr>\n",
       "    <tr>\n",
       "      <th>60</th>\n",
       "      <td>0.266551</td>\n",
       "      <td>0.121713</td>\n",
       "      <td>0.511480</td>\n",
       "      <td>0.100255</td>\n",
       "    </tr>\n",
       "    <tr>\n",
       "      <th>61</th>\n",
       "      <td>0.012221</td>\n",
       "      <td>0.000005</td>\n",
       "      <td>0.009871</td>\n",
       "      <td>0.977904</td>\n",
       "    </tr>\n",
       "    <tr>\n",
       "      <th>62</th>\n",
       "      <td>0.286414</td>\n",
       "      <td>0.060015</td>\n",
       "      <td>0.473473</td>\n",
       "      <td>0.180098</td>\n",
       "    </tr>\n",
       "    <tr>\n",
       "      <th>63</th>\n",
       "      <td>0.288451</td>\n",
       "      <td>0.093168</td>\n",
       "      <td>0.488005</td>\n",
       "      <td>0.130376</td>\n",
       "    </tr>\n",
       "    <tr>\n",
       "      <th>64</th>\n",
       "      <td>0.220938</td>\n",
       "      <td>0.007211</td>\n",
       "      <td>0.271730</td>\n",
       "      <td>0.500122</td>\n",
       "    </tr>\n",
       "    <tr>\n",
       "      <th>65</th>\n",
       "      <td>0.018439</td>\n",
       "      <td>0.930120</td>\n",
       "      <td>0.051113</td>\n",
       "      <td>0.000328</td>\n",
       "    </tr>\n",
       "    <tr>\n",
       "      <th>66</th>\n",
       "      <td>0.119782</td>\n",
       "      <td>0.001043</td>\n",
       "      <td>0.131360</td>\n",
       "      <td>0.747816</td>\n",
       "    </tr>\n",
       "    <tr>\n",
       "      <th>67</th>\n",
       "      <td>0.013841</td>\n",
       "      <td>0.000006</td>\n",
       "      <td>0.011175</td>\n",
       "      <td>0.974977</td>\n",
       "    </tr>\n",
       "  </tbody>\n",
       "</table>\n",
       "<p>68 rows × 4 columns</p>\n",
       "</div>"
      ],
      "text/plain": [
       "           0         1         2         3\n",
       "0   0.002511  0.989856  0.007623  0.000010\n",
       "1   0.272480  0.124992  0.497200  0.105328\n",
       "2   0.007762  0.000001  0.005668  0.986569\n",
       "3   0.087950  0.000469  0.092797  0.818783\n",
       "4   0.262513  0.049679  0.481402  0.206406\n",
       "5   0.021360  0.919174  0.059045  0.000422\n",
       "6   0.283375  0.135093  0.485344  0.096188\n",
       "7   0.260775  0.014952  0.342061  0.382211\n",
       "8   0.007411  0.970599  0.021917  0.000072\n",
       "9   0.164300  0.002862  0.200795  0.632044\n",
       "10  0.016134  0.936344  0.047253  0.000269\n",
       "11  0.358287  0.053568  0.411367  0.176778\n",
       "12  0.274546  0.099855  0.502965  0.122634\n",
       "13  0.047641  0.838299  0.112530  0.001529\n",
       "14  0.071767  0.000251  0.070559  0.857423\n",
       "15  0.052272  0.820883  0.124979  0.001866\n",
       "16  0.313177  0.083411  0.462906  0.140505\n",
       "17  0.018942  0.000013  0.017201  0.963844\n",
       "18  0.268823  0.125769  0.502097  0.103311\n",
       "19  0.017766  0.933573  0.048367  0.000293\n",
       "20  0.018942  0.000013  0.017201  0.963844\n",
       "21  0.039338  0.000065  0.036718  0.923879\n",
       "22  0.037370  0.000060  0.036424  0.926146\n",
       "23  0.014771  0.943657  0.041347  0.000225\n",
       "24  0.052349  0.820640  0.125140  0.001872\n",
       "25  0.256101  0.098271  0.521286  0.124341\n",
       "26  0.033096  0.000048  0.033328  0.933529\n",
       "27  0.334720  0.072664  0.444542  0.148074\n",
       "28  0.294409  0.107857  0.483050  0.114684\n",
       "29  0.298261  0.104486  0.479701  0.117552\n",
       "..       ...       ...       ...       ...\n",
       "38  0.298471  0.123827  0.475237  0.102465\n",
       "39  0.251517  0.010911  0.306159  0.431413\n",
       "40  0.179951  0.003162  0.202369  0.614518\n",
       "41  0.053995  0.000134  0.052378  0.893493\n",
       "42  0.066877  0.766894  0.163134  0.003095\n",
       "43  0.019043  0.929187  0.051438  0.000333\n",
       "44  0.291064  0.123771  0.481922  0.103243\n",
       "45  0.027064  0.900509  0.071789  0.000637\n",
       "46  0.077157  0.747437  0.171789  0.003618\n",
       "47  0.371191  0.067929  0.412667  0.148213\n",
       "48  0.280474  0.043922  0.458206  0.217399\n",
       "49  0.330499  0.047893  0.421218  0.200389\n",
       "50  0.346032  0.058270  0.423743  0.171956\n",
       "51  0.062775  0.000220  0.067319  0.869686\n",
       "52  0.361502  0.057639  0.412639  0.168220\n",
       "53  0.009959  0.961325  0.028602  0.000114\n",
       "54  0.293296  0.044139  0.444360  0.218205\n",
       "55  0.119706  0.001146  0.137862  0.741287\n",
       "56  0.253435  0.060491  0.503684  0.182390\n",
       "57  0.100553  0.670936  0.222261  0.006250\n",
       "58  0.333746  0.036384  0.396622  0.233248\n",
       "59  0.016278  0.938042  0.045419  0.000262\n",
       "60  0.266551  0.121713  0.511480  0.100255\n",
       "61  0.012221  0.000005  0.009871  0.977904\n",
       "62  0.286414  0.060015  0.473473  0.180098\n",
       "63  0.288451  0.093168  0.488005  0.130376\n",
       "64  0.220938  0.007211  0.271730  0.500122\n",
       "65  0.018439  0.930120  0.051113  0.000328\n",
       "66  0.119782  0.001043  0.131360  0.747816\n",
       "67  0.013841  0.000006  0.011175  0.974977\n",
       "\n",
       "[68 rows x 4 columns]"
      ]
     },
     "execution_count": 334,
     "metadata": {},
     "output_type": "execute_result"
    }
   ],
   "source": [
    "pd.DataFrame(model.predict_proba(train_X))"
   ]
  },
  {
   "cell_type": "code",
   "execution_count": 335,
   "metadata": {
    "collapsed": true
   },
   "outputs": [],
   "source": [
    "test_X = pd.read_csv('/home/praveen/tensorflow_Data/tensorflow/testX.csv', low_memory=False, header = None, delimiter='\\t')"
   ]
  },
  {
   "cell_type": "code",
   "execution_count": 336,
   "metadata": {
    "collapsed": true
   },
   "outputs": [],
   "source": [
    "test_Y = pd.read_csv('/home/praveen/tensorflow_Data/tensorflow/testY.csv', low_memory=False, header = None, delimiter='\\t')"
   ]
  },
  {
   "cell_type": "code",
   "execution_count": 337,
   "metadata": {
    "collapsed": true
   },
   "outputs": [],
   "source": [
    "test_Y_b10 = pd.DataFrame(test_Y.idxmax(axis=1))"
   ]
  },
  {
   "cell_type": "code",
   "execution_count": 338,
   "metadata": {
    "collapsed": false
   },
   "outputs": [
    {
     "name": "stdout",
     "output_type": "stream",
     "text": [
      "Accuracy: 0.5\n"
     ]
    }
   ],
   "source": [
    "results_test = model.evaluate(test_X,test_Y_b10, steps=1)\n",
    "print \"%s: %s\" % ('Accuracy', results_test['accuracy'])"
   ]
  },
  {
   "cell_type": "code",
   "execution_count": 339,
   "metadata": {
    "collapsed": false
   },
   "outputs": [
    {
     "data": {
      "text/html": [
       "<div>\n",
       "<table border=\"1\" class=\"dataframe\">\n",
       "  <thead>\n",
       "    <tr style=\"text-align: right;\">\n",
       "      <th></th>\n",
       "      <th>0</th>\n",
       "      <th>1</th>\n",
       "      <th>2</th>\n",
       "      <th>3</th>\n",
       "    </tr>\n",
       "  </thead>\n",
       "  <tbody>\n",
       "    <tr>\n",
       "      <th>0</th>\n",
       "      <td>0.178532</td>\n",
       "      <td>0.434922</td>\n",
       "      <td>0.364616</td>\n",
       "      <td>0.021930</td>\n",
       "    </tr>\n",
       "    <tr>\n",
       "      <th>1</th>\n",
       "      <td>0.264376</td>\n",
       "      <td>0.219783</td>\n",
       "      <td>0.456026</td>\n",
       "      <td>0.059815</td>\n",
       "    </tr>\n",
       "    <tr>\n",
       "      <th>2</th>\n",
       "      <td>0.285506</td>\n",
       "      <td>0.041668</td>\n",
       "      <td>0.430421</td>\n",
       "      <td>0.242404</td>\n",
       "    </tr>\n",
       "    <tr>\n",
       "      <th>3</th>\n",
       "      <td>0.310178</td>\n",
       "      <td>0.053473</td>\n",
       "      <td>0.443740</td>\n",
       "      <td>0.192609</td>\n",
       "    </tr>\n",
       "    <tr>\n",
       "      <th>4</th>\n",
       "      <td>0.130778</td>\n",
       "      <td>0.001777</td>\n",
       "      <td>0.156676</td>\n",
       "      <td>0.710769</td>\n",
       "    </tr>\n",
       "    <tr>\n",
       "      <th>5</th>\n",
       "      <td>0.274211</td>\n",
       "      <td>0.013052</td>\n",
       "      <td>0.319773</td>\n",
       "      <td>0.392964</td>\n",
       "    </tr>\n",
       "    <tr>\n",
       "      <th>6</th>\n",
       "      <td>0.312244</td>\n",
       "      <td>0.073731</td>\n",
       "      <td>0.460240</td>\n",
       "      <td>0.153784</td>\n",
       "    </tr>\n",
       "    <tr>\n",
       "      <th>7</th>\n",
       "      <td>0.204179</td>\n",
       "      <td>0.007500</td>\n",
       "      <td>0.285969</td>\n",
       "      <td>0.502352</td>\n",
       "    </tr>\n",
       "    <tr>\n",
       "      <th>8</th>\n",
       "      <td>0.168494</td>\n",
       "      <td>0.477321</td>\n",
       "      <td>0.336011</td>\n",
       "      <td>0.018174</td>\n",
       "    </tr>\n",
       "    <tr>\n",
       "      <th>9</th>\n",
       "      <td>0.227748</td>\n",
       "      <td>0.321510</td>\n",
       "      <td>0.414200</td>\n",
       "      <td>0.036542</td>\n",
       "    </tr>\n",
       "    <tr>\n",
       "      <th>10</th>\n",
       "      <td>0.298471</td>\n",
       "      <td>0.123827</td>\n",
       "      <td>0.475237</td>\n",
       "      <td>0.102465</td>\n",
       "    </tr>\n",
       "    <tr>\n",
       "      <th>11</th>\n",
       "      <td>0.086520</td>\n",
       "      <td>0.000472</td>\n",
       "      <td>0.094753</td>\n",
       "      <td>0.818255</td>\n",
       "    </tr>\n",
       "    <tr>\n",
       "      <th>12</th>\n",
       "      <td>0.277643</td>\n",
       "      <td>0.023248</td>\n",
       "      <td>0.381913</td>\n",
       "      <td>0.317196</td>\n",
       "    </tr>\n",
       "    <tr>\n",
       "      <th>13</th>\n",
       "      <td>0.220882</td>\n",
       "      <td>0.008078</td>\n",
       "      <td>0.289931</td>\n",
       "      <td>0.481109</td>\n",
       "    </tr>\n",
       "    <tr>\n",
       "      <th>14</th>\n",
       "      <td>0.303967</td>\n",
       "      <td>0.032495</td>\n",
       "      <td>0.405746</td>\n",
       "      <td>0.257792</td>\n",
       "    </tr>\n",
       "    <tr>\n",
       "      <th>15</th>\n",
       "      <td>0.265191</td>\n",
       "      <td>0.200284</td>\n",
       "      <td>0.467231</td>\n",
       "      <td>0.067295</td>\n",
       "    </tr>\n",
       "    <tr>\n",
       "      <th>16</th>\n",
       "      <td>0.255020</td>\n",
       "      <td>0.018396</td>\n",
       "      <td>0.371990</td>\n",
       "      <td>0.354593</td>\n",
       "    </tr>\n",
       "    <tr>\n",
       "      <th>17</th>\n",
       "      <td>0.018247</td>\n",
       "      <td>0.000012</td>\n",
       "      <td>0.015784</td>\n",
       "      <td>0.965957</td>\n",
       "    </tr>\n",
       "    <tr>\n",
       "      <th>18</th>\n",
       "      <td>0.305358</td>\n",
       "      <td>0.044755</td>\n",
       "      <td>0.432595</td>\n",
       "      <td>0.217292</td>\n",
       "    </tr>\n",
       "    <tr>\n",
       "      <th>19</th>\n",
       "      <td>0.286889</td>\n",
       "      <td>0.141886</td>\n",
       "      <td>0.477497</td>\n",
       "      <td>0.093728</td>\n",
       "    </tr>\n",
       "    <tr>\n",
       "      <th>20</th>\n",
       "      <td>0.277973</td>\n",
       "      <td>0.186153</td>\n",
       "      <td>0.464335</td>\n",
       "      <td>0.071539</td>\n",
       "    </tr>\n",
       "    <tr>\n",
       "      <th>21</th>\n",
       "      <td>0.284937</td>\n",
       "      <td>0.154680</td>\n",
       "      <td>0.474256</td>\n",
       "      <td>0.086126</td>\n",
       "    </tr>\n",
       "    <tr>\n",
       "      <th>22</th>\n",
       "      <td>0.280094</td>\n",
       "      <td>0.022275</td>\n",
       "      <td>0.375232</td>\n",
       "      <td>0.322399</td>\n",
       "    </tr>\n",
       "    <tr>\n",
       "      <th>23</th>\n",
       "      <td>0.016306</td>\n",
       "      <td>0.000009</td>\n",
       "      <td>0.013792</td>\n",
       "      <td>0.969893</td>\n",
       "    </tr>\n",
       "    <tr>\n",
       "      <th>24</th>\n",
       "      <td>0.044805</td>\n",
       "      <td>0.837373</td>\n",
       "      <td>0.116279</td>\n",
       "      <td>0.001543</td>\n",
       "    </tr>\n",
       "    <tr>\n",
       "      <th>25</th>\n",
       "      <td>0.226611</td>\n",
       "      <td>0.343537</td>\n",
       "      <td>0.397096</td>\n",
       "      <td>0.032755</td>\n",
       "    </tr>\n",
       "    <tr>\n",
       "      <th>26</th>\n",
       "      <td>0.300245</td>\n",
       "      <td>0.098173</td>\n",
       "      <td>0.473956</td>\n",
       "      <td>0.127626</td>\n",
       "    </tr>\n",
       "    <tr>\n",
       "      <th>27</th>\n",
       "      <td>0.304048</td>\n",
       "      <td>0.068511</td>\n",
       "      <td>0.458830</td>\n",
       "      <td>0.168612</td>\n",
       "    </tr>\n",
       "  </tbody>\n",
       "</table>\n",
       "</div>"
      ],
      "text/plain": [
       "           0         1         2         3\n",
       "0   0.178532  0.434922  0.364616  0.021930\n",
       "1   0.264376  0.219783  0.456026  0.059815\n",
       "2   0.285506  0.041668  0.430421  0.242404\n",
       "3   0.310178  0.053473  0.443740  0.192609\n",
       "4   0.130778  0.001777  0.156676  0.710769\n",
       "5   0.274211  0.013052  0.319773  0.392964\n",
       "6   0.312244  0.073731  0.460240  0.153784\n",
       "7   0.204179  0.007500  0.285969  0.502352\n",
       "8   0.168494  0.477321  0.336011  0.018174\n",
       "9   0.227748  0.321510  0.414200  0.036542\n",
       "10  0.298471  0.123827  0.475237  0.102465\n",
       "11  0.086520  0.000472  0.094753  0.818255\n",
       "12  0.277643  0.023248  0.381913  0.317196\n",
       "13  0.220882  0.008078  0.289931  0.481109\n",
       "14  0.303967  0.032495  0.405746  0.257792\n",
       "15  0.265191  0.200284  0.467231  0.067295\n",
       "16  0.255020  0.018396  0.371990  0.354593\n",
       "17  0.018247  0.000012  0.015784  0.965957\n",
       "18  0.305358  0.044755  0.432595  0.217292\n",
       "19  0.286889  0.141886  0.477497  0.093728\n",
       "20  0.277973  0.186153  0.464335  0.071539\n",
       "21  0.284937  0.154680  0.474256  0.086126\n",
       "22  0.280094  0.022275  0.375232  0.322399\n",
       "23  0.016306  0.000009  0.013792  0.969893\n",
       "24  0.044805  0.837373  0.116279  0.001543\n",
       "25  0.226611  0.343537  0.397096  0.032755\n",
       "26  0.300245  0.098173  0.473956  0.127626\n",
       "27  0.304048  0.068511  0.458830  0.168612"
      ]
     },
     "execution_count": 339,
     "metadata": {},
     "output_type": "execute_result"
    }
   ],
   "source": [
    "pd.DataFrame(model.predict_proba(test_X))"
   ]
  },
  {
   "cell_type": "code",
   "execution_count": null,
   "metadata": {
    "collapsed": true
   },
   "outputs": [],
   "source": []
  }
 ],
 "metadata": {
  "kernelspec": {
   "display_name": "Python 2",
   "language": "python",
   "name": "python2"
  },
  "language_info": {
   "codemirror_mode": {
    "name": "ipython",
    "version": 2
   },
   "file_extension": ".py",
   "mimetype": "text/x-python",
   "name": "python",
   "nbconvert_exporter": "python",
   "pygments_lexer": "ipython2",
   "version": "2.7.12"
  }
 },
 "nbformat": 4,
 "nbformat_minor": 0
}
